75 3 4
0.0 0.3223684210526316 0
0.008849557522123894 0.3881578947368421 0
0.05309734513274336 0.3618421052631579 0
0.04424778761061947 0.48026315789473684 0
0.07964601769911504 0.29605263157894735 0
0.07964601769911504 0.4276315789473684 0
0.07079646017699115 0.5526315789473685 0
0.09734513274336283 0.46710526315789475 0
0.12389380530973451 0.375 0
0.13274336283185842 0.40131578947368424 0
0.1592920353982301 0.4605263157894737 0
0.20353982300884957 0.4473684210526316 0
0.21238938053097345 0.47368421052631576 0
0.17699115044247787 0.35526315789473684 0
0.20353982300884957 0.3355263157894737 0
0.21238938053097345 0.3684210526315789 0
0.23008849557522124 0.3157894736842105 0
0.23893805309734514 0.3684210526315789 0
0.24778761061946902 0.375 0
0.2831858407079646 0.4473684210526316 0
0.21238938053097345 0.9407894736842105 1
0.24778761061946902 0.9539473684210527 1
0.2743362831858407 0.9802631578947368 1
0.25663716814159293 0.9868421052631579 1
0.3008849557522124 0.9671052631578947 1
0.3274336283185841 0.9605263157894737 1
0.3008849557522124 0.9276315789473685 1
0.3008849557522124 0.9144736842105263 1
0.24778761061946902 0.9144736842105263 1
0.26548672566371684 0.9013157894736842 1
0.35398230088495575 1.0 1
0.35398230088495575 0.9539473684210527 1
0.35398230088495575 0.9144736842105263 1
0.37168141592920356 0.9078947368421053 1
0.3805309734513274 0.9539473684210527 1
0.39823008849557523 0.9736842105263158 1
0.40707964601769914 0.9078947368421053 1
0.4336283185840708 0.9210526315789473 1
0.4247787610619469 0.9736842105263158 1
0.45132743362831856 0.993421052631579 1
0.4424778761061947 0.7894736842105263 1
0.49557522123893805 0.868421052631579 1
0.5221238938053098 0.8881578947368421 1
0.7256637168141593 0.8421052631578947 2
0.7168141592920354 0.7302631578947368 2
0.7168141592920354 0.6052631578947368 2
0.6548672566371682 0.5921052631578947 2
0.6194690265486725 0.6052631578947368 2
0.8230088495575221 0.7763157894736842 2
0.831858407079646 0.7368421052631579 2
0.831858407079646 0.7894736842105263 2
0.8407079646017699 0.756578947368421 2
0.8407079646017699 0.8157894736842105 2
0.8584070796460177 0.7302631578947368 2
0.9203539823008849 0.7039473684210527 2
0.9380530973451328 0.7039473684210527 2
0.9203539823008849 0.7368421052631579 2
0.9469026548672567 0.8026315789473685 2
0.9823008849557522 0.743421052631579 2
1.0 0.7302631578947368 2
0.584070796460177 0.0 3
0.6460176991150443 0.05263157894736842 3
0.6991150442477876 0.1118421052631579 3
0.504424778761062 0.07236842105263158 3
0.5752212389380531 0.07236842105263158 3
0.6548672566371682 0.07894736842105263 3
0.5486725663716814 0.09210526315789473 3
0.4778761061946903 0.05921052631578947 3
0.5309734513274337 0.10526315789473684 3
0.5752212389380531 0.1118421052631579 3
0.5486725663716814 0.125 3
0.504424778761062 0.13815789473684212 3
0.6371681415929203 0.1513157894736842 3
0.6017699115044248 0.17763157894736842 3
0.5309734513274337 0.17105263157894737 3
