0.550561797752809 0.15476190476190474 0.0 0.0 0.6363636363636365 0.21649484536082475 0.35353535353535354
0.07865168539325844 0.28571428571428575 0.0 0.0 0.6136363636363636 0.3298969072164948 0.4444444444444445
0.6292134831460675 0.28571428571428575 0.0 0.0 0.5568181818181818 0.35051546391752575 0.4646464646464647
0.6629213483146067 0.39285714285714285 0.0 0.0 0.5909090909090909 0.43298969072164956 0.36363636363636365
0.25842696629213485 0.1904761904761905 0.0 0.0 0.625 0.2268041237113402 0.35353535353535354
0.752808988764045 0.27380952380952384 0.0 0.0 0.40909090909090906 0.36082474226804123 0.4646464646464647
0.32584269662921345 0.14285714285714288 0.0 0.0 0.5 0.2061855670103093 0.3434343434343435
0.23595505617977527 0.21428571428571433 0.0 0.0 0.5795454545454546 0.2577319587628866 0.393939393939394
0.22471910112359553 0.33333333333333337 0.0 0.0 0.5227272727272727 0.4948453608247423 0.5757575757575757
0.47191011235955055 0.28571428571428575 0.0 0.0 0.6363636363636365 0.15463917525773196 0.30303030303030304
0.47191011235955055 0.09523809523809523 0.0 0.0 0.6477272727272727 0.24742268041237117 0.37373737373737376
0.2808988764044944 0.38095238095238093 0.0 0.0 0.5 0.1443298969072165 0.29292929292929293
0.43820224719101125 0.1904761904761905 0.0 0.0 0.5227272727272727 0.21649484536082475 0.35353535353535354
0.5730337078651685 0.40476190476190477 0.0 0.0 0.5227272727272727 0.2989690721649485 0.35353535353535354
0.24719101123595505 0.32142857142857145 0.0 0.0 0.5454545454545454 0.13402061855670103 0.2828282828282829
0.2808988764044944 0.28571428571428575 0.0 0.0 0.5227272727272727 0.4226804123711341 0.5252525252525253
0.3820224719101124 0.3452380952380953 0.0 0.0 0.4318181818181818 0.21649484536082475 0.35353535353535354
0.4943820224719101 0.130952380952381 0.0 0.0 0.625 0.5051546391752577 0.5858585858585859
0.25842696629213485 0.28571428571428575 0.0 0.0 0.4431818181818182 0.2577319587628866 0.38383838383838387
0.46067415730337075 0.488095238095238 0.0 0.0 0.4431818181818182 0.18556701030927836 0.32323232323232326
0.44943820224719105 0.3452380952380953 0.0 0.0 0.4318181818181818 0.1958762886597938 0.0
0.34831460674157305 0.08333333333333334 0.0 0.0 0.8295454545454545 0.02061855670103093 0.14141414141414144
0.5730337078651685 0.4523809523809524 0.0 0.0 0.4659090909090909 0.31958762886597947 0.43434343434343436
0.33707865168539325 0.0 0.0 0.0 0.6363636363636365 0.08247422680412371 0.23232323232323235
0.4044943820224719 0.27380952380952384 0.0 0.0 0.5454545454545454 0.1958762886597938 0.23232323232323235
0.32584269662921345 0.25 0.0 0.0 0.5454545454545454 0.4226804123711341 0.5252525252525253
0.2808988764044944 0.28571428571428575 0.0 0.0 0.5340909090909091 0.309278350515464 0.42424242424242425
0.23595505617977527 0.41666666666666663 0.0 0.0 0.5681818181818182 0.2989690721649485 0.41414141414141414
0.4831460674157303 0.25 0.0 0.0 0.6022727272727273 0.3298969072164948 0.4444444444444445
0.4831460674157303 0.27380952380952384 0.0 0.0 0.5340909090909091 0.288659793814433 0.41414141414141414
0.5955056179775281 0.2619047619047619 0.0 0.0 0.5 0.2371134020618557 0.36363636363636365
0.3820224719101124 0.2023809523809524 0.0 0.0 0.4318181818181818 0.3298969072164948 0.4444444444444445
0.6292134831460675 0.41666666666666663 0.0 0.0 0.3863636363636364 0.35051546391752575 0.4646464646464647
0.44943820224719105 0.15476190476190474 0.0 0.0 0.47727272727272724 0.3298969072164948 0.4444444444444445
0.2696629213483146 0.22619047619047616 0.0 0.0 0.3522727272727273 0.16494845360824742 0.31313131313131315
0.4044943820224719 0.4523809523809524 0.0 0.0 0.4659090909090909 0.36082474226804123 0.4646464646464647
0.32584269662921345 0.42857142857142855 0.0 0.0 0.47727272727272724 0.26804123711340205 0.393939393939394
0.7303370786516854 0.369047619047619 0.0 0.0 0.6704545454545454 0.27835051546391754 0.4040404040404041
0.3595505617977528 0.30952380952380953 0.0 0.0 0.3977272727272727 0.2577319587628866 0.38383838383838387
0.42696629213483145 0.3571428571428572 0.0 0.0 0.5454545454545454 0.1958762886597938 0.29292929292929293
0.3707865168539326 0.3452380952380953 0.0 0.0 0.5909090909090909 0.2989690721649485 0.41414141414141414
0.33707865168539325 0.25 0.0 0.0 0.6704545454545454 0.3917525773195876 0.494949494949495
0.44943820224719105 0.40476190476190477 0.0 0.0 0.5113636363636364 0.3711340206185567 0.47474747474747475
0.31460674157303375 0.2619047619047619 0.0 0.0 0.5681818181818182 0.309278350515464 0.42424242424242425
0.6853932584269663 0.3452380952380953 0.0 0.0 0.5454545454545454 0.3298969072164948 0.41414141414141414
0.1910112359550562 0.2619047619047619 0.0 0.0 0.5113636363636364 0.4020618556701031 0.5050505050505051
0.4943820224719101 0.22619047619047616 0.0 0.0 0.625 0.5360824742268041 0.6161616161616161
0.4831460674157303 0.28571428571428575 0.0 0.0 0.4431818181818182 0.2577319587628866 0.393939393939394
0.47191011235955055 0.22619047619047616 0.0 0.0 0.6590909090909091 0.12371134020618557 0.27272727272727276
0.25842696629213485 0.2023809523809524 0.0 0.0 0.48863636363636365 0.309278350515464 0.43434343434343436
0.4157303370786517 0.42857142857142855 0.0 0.0 0.47727272727272724 0.4020618556701031 0.36363636363636365
0.32584269662921345 0.16666666666666666 0.0 0.0 0.5113636363636364 0.0 0.17171717171717174
0.24719101123595505 0.23809523809523808 0.0 0.0 0.3977272727272727 0.3711340206185567 0.47474747474747475
0.25842696629213485 0.49999999999999994 0.0 0.0 0.42045454545454547 0.5154639175257733 0.5959595959595959
0.5280898876404494 0.369047619047619 0.0 0.0 0.25 0.13402061855670103 0.26262626262626265
0.6067415730337079 0.369047619047619 0.0 0.0 0.31818181818181823 0.309278350515464 0.42424242424242425
0.5730337078651685 0.25 0.0 0.0 0.3977272727272727 0.34020618556701027 0.4545454545454546
0.44943820224719105 0.22619047619047616 0.0 0.0 0.5113636363636364 0.309278350515464 0.42424242424242425
0.4943820224719101 0.21428571428571433 0.0 0.0 0.3409090909090909 0.309278350515464 0.43434343434343436
0.47191011235955055 0.2619047619047619 0.0 0.0 0.6136363636363636 0.31958762886597947 0.43434343434343436
0.4943820224719101 0.4761904761904762 0.0 0.0 0.5681818181818182 0.443298969072165 0.5454545454545455
0.5842696629213483 0.23809523809523808 0.0 0.0 0.4659090909090909 0.2577319587628866 0.38383838383838387
0.4044943820224719 0.2976190476190476 0.0 0.0 0.5454545454545454 0.45360824742268036 0.5454545454545455
0.20224719101123595 0.16666666666666666 0.0 0.0 0.5227272727272727 0.21649484536082475 0.35353535353535354
0.5280898876404494 0.15476190476190474 0.0 0.0 0.5795454545454546 0.309278350515464 0.43434343434343436
0.2696629213483146 0.32142857142857145 0.0 0.0 0.6136363636363636 0.5051546391752577 0.5959595959595959
0.2808988764044944 0.25 0.0 0.0 0.4659090909090909 0.309278350515464 0.42424242424242425
0.5842696629213483 0.488095238095238 0.0 0.0 0.47727272727272724 0.45360824742268036 0.5454545454545455
0.2808988764044944 0.25 0.0 0.0 0.48863636363636365 0.2371134020618557 0.36363636363636365
0.3932584269662921 0.38095238095238093 0.0 0.0 0.6363636363636365 0.3814432989690722 0.48484848484848486
0.29213483146067415 0.11904761904761905 0.0 0.0 0.3863636363636364 0.2268041237113402 0.35353535353535354
0.4943820224719101 0.41666666666666663 0.0 0.0 0.5340909090909091 0.2371134020618557 0.36363636363636365
0.4157303370786517 0.40476190476190477 0.0 0.0 0.47727272727272724 0.34020618556701027 0.4545454545454546
0.4943820224719101 0.30952380952380953 0.0 0.0 0.47727272727272724 0.2268041237113402 0.20202020202020204
0.2696629213483146 0.32142857142857145 0.0 0.0 0.42045454545454547 0.2577319587628866 0.38383838383838387
0.47191011235955055 0.16666666666666666 0.0 0.0 0.5454545454545454 0.2371134020618557 0.36363636363636365
0.5393258426966292 0.30952380952380953 0.0 0.0 0.5113636363636364 0.2268041237113402 0.35353535353535354
0.46067415730337075 0.38095238095238093 0.0 0.0 0.5795454545454546 0.4226804123711341 0.5151515151515151
0.4943820224719101 0.14285714285714288 0.0 0.0 0.48863636363636365 0.24742268041237117 0.37373737373737376
0.32584269662921345 0.2976190476190476 0.0 0.0 0.5454545454545454 0.36082474226804123 0.4646464646464647
0.3820224719101124 0.14285714285714288 0.0 0.0 0.4659090909090909 0.3298969072164948 0.4444444444444445
0.46067415730337075 0.32142857142857145 0.0 0.0 0.5113636363636364 0.288659793814433 0.41414141414141414
0.32584269662921345 0.369047619047619 0.0 0.0 0.4659090909090909 0.2061855670103093 0.3434343434343435
0.3820224719101124 0.4642857142857143 0.0 0.0 0.6590909090909091 0.288659793814433 0.41414141414141414
0.4044943820224719 0.4761904761904762 0.0 0.0 0.48863636363636365 0.43298969072164956 0.5353535353535354
0.44943820224719105 0.3571428571428572 0.0 0.0 0.5909090909090909 0.4742268041237113 0.5656565656565657
0.5617977528089888 0.39285714285714285 0.0 0.0 0.5568181818181818 0.443298969072165 0.5353535353535354
0.5842696629213483 0.33333333333333337 0.0 0.0 0.42045454545454547 0.34020618556701027 0.42424242424242425
0.5617977528089888 0.41666666666666663 0.0 0.0 0.3068181818181818 0.2061855670103093 0.3434343434343435
0.5955056179775281 0.30952380952380953 0.0 0.0 0.18181818181818182 0.26804123711340205 0.393939393939394
0.3820224719101124 0.3571428571428572 0.0 0.0 0.5909090909090909 0.3298969072164948 0.4444444444444445
0.44943820224719105 0.30952380952380953 0.0 0.0 0.42045454545454547 0.24742268041237117 0.27272727272727276
0.46067415730337075 0.32142857142857145 0.0 0.0 0.5681818181818182 0.21649484536082475 0.25252525252525254
0.33707865168539325 0.3452380952380953 0.0 0.0 0.40909090909090906 0.18556701030927836 0.32323232323232326
0.34831460674157305 0.369047619047619 0.0 0.0 0.32954545454545453 0.2577319587628866 0.393939393939394
0.7191011235955056 0.7142857142857143 0.0 0.0 0.5113636363636364 0.3298969072164948 0.38383838383838387
0.3932584269662921 0.25 0.0 0.0 0.3409090909090909 0.31958762886597947 0.43434343434343436
0.6404494382022471 0.4523809523809524 0.0 0.0 0.42045454545454547 0.2577319587628866 0.33333333333333337
0.7303370786516854 0.4642857142857143 0.0 0.0 0.3863636363636364 0.35051546391752575 0.2828282828282829
0.5730337078651685 0.3571428571428572 0.0 0.0 0.6590909090909091 0.288659793814433 0.41414141414141414
0.42696629213483145 0.28571428571428575 0.0 0.0 0.7159090909090909 0.2268041237113402 0.35353535353535354
0.2696629213483146 0.488095238095238 0.0 0.0 0.7159090909090909 0.31958762886597947 0.43434343434343436
0.42696629213483145 0.11904761904761905 0.0 0.0 0.6136363636363636 0.13402061855670103 0.2828282828282829
0.3707865168539326 0.369047619047619 0.0 0.0 0.6022727272727273 0.15463917525773196 0.29292929292929293
0.2696629213483146 0.21428571428571433 0.0 0.0 0.4318181818181818 0.27835051546391754 0.4040404040404041
0.29213483146067415 0.40476190476190477 0.0 0.0 0.5 0.2989690721649485 0.41414141414141414
0.4943820224719101 0.39285714285714285 0.0 0.0 0.4431818181818182 0.36082474226804123 0.4040404040404041
0.4831460674157303 0.1904761904761905 0.0 0.0 0.375 0.43298969072164956 0.5252525252525253
0.550561797752809 0.32142857142857145 0.0 0.0 0.5568181818181818 0.27835051546391754 0.4040404040404041
0.5280898876404494 0.14285714285714288 0.0 0.0 0.6363636363636365 0.1752577319587629 0.25252525252525254
0.3595505617977528 0.2023809523809524 0.0 0.0 0.6818181818181818 0.030927835051546393 0.20202020202020204
0.3820224719101124 0.22619047619047616 0.0 0.0 0.5795454545454546 0.4742268041237113 0.5656565656565657
0.3932584269662921 0.21428571428571433 0.0 0.0 0.5227272727272727 0.27835051546391754 0.27272727272727276
0.42696629213483145 0.16666666666666666 0.0 0.0 0.48863636363636365 0.26804123711340205 0.393939393939394
0.42696629213483145 0.33333333333333337 0.0 0.0 0.48863636363636365 0.1752577319587629 0.31313131313131315
0.46067415730337075 0.41666666666666663 0.0 0.0 0.6590909090909091 0.1752577319587629 0.31313131313131315
0.3820224719101124 0.30952380952380953 0.0 0.0 0.4659090909090909 0.31958762886597947 0.43434343434343436
0.5730337078651685 0.39285714285714285 0.0 0.0 0.6022727272727273 0.11340206185567012 0.26262626262626265
0.2808988764044944 0.41666666666666663 0.0 0.0 0.42045454545454547 0.4020618556701031 0.5050505050505051
0.32584269662921345 0.14285714285714288 0.0 0.0 0.5681818181818182 0.4020618556701031 0.5050505050505051
0.2808988764044944 0.11904761904761905 0.0 0.0 0.4431818181818182 0.2989690721649485 0.42424242424242425
0.2696629213483146 0.2976190476190476 0.0 0.0 0.5568181818181818 0.2061855670103093 0.3434343434343435
0.1910112359550562 0.27380952380952384 0.0 0.0 0.6022727272727273 0.27835051546391754 0.393939393939394
0.0449438202247191 0.17857142857142858 0.0 0.0 0.4659090909090909 0.26804123711340205 0.393939393939394
0.6853932584269663 0.23809523809523808 0.0 0.0 0.5568181818181818 0.3298969072164948 0.4444444444444445
0.3820224719101124 0.41666666666666663 0.0 0.0 0.5 0.35051546391752575 0.4646464646464647
0.31460674157303375 0.2023809523809524 0.0 0.0 0.5113636363636364 0.1958762886597938 0.33333333333333337
0.44943820224719105 0.3571428571428572 0.0 0.0 0.47727272727272724 0.3298969072164948 0.4444444444444445
0.25842696629213485 0.21428571428571433 0.0 0.0 0.48863636363636365 0.2371134020618557 0.37373737373737376
0.4157303370786517 0.33333333333333337 0.0 0.0 0.47727272727272724 0.3711340206185567 0.47474747474747475
0.0 0.2619047619047619 0.0 0.0 0.47727272727272724 0.46391752577319584 0.5555555555555556
0.43820224719101125 0.17857142857142858 0.0 0.0 0.4318181818181818 0.31958762886597947 0.43434343434343436
0.33707865168539325 0.33333333333333337 0.0 0.0 0.5568181818181818 0.1958762886597938 0.33333333333333337
0.30337078651685395 0.16666666666666666 0.0 0.0 0.8068181818181818 0.2577319587628866 0.393939393939394
0.1910112359550562 0.42857142857142855 0.0 0.0 0.5568181818181818 0.35051546391752575 0.4646464646464647
0.4044943820224719 0.30952380952380953 0.0 0.0 0.6022727272727273 0.2989690721649485 0.41414141414141414
0.33707865168539325 0.25 0.0 0.0 0.48863636363636365 0.15463917525773196 0.30303030303030304
0.29213483146067415 0.28571428571428575 0.0 0.0 0.40909090909090906 0.2371134020618557 0.37373737373737376
0.44943820224719105 0.2976190476190476 0.0 0.0 0.625 0.1958762886597938 0.33333333333333337
0.24719101123595505 0.21428571428571433 0.0 0.0 0.47727272727272724 0.26804123711340205 0.393939393939394
0.4943820224719101 0.22619047619047616 0.0 0.0 0.5 0.5051546391752577 0.5959595959595959
0.30337078651685395 0.30952380952380953 0.0 0.0 0.42045454545454547 0.36082474226804123 0.43434343434343436
0.1797752808988764 0.32142857142857145 0.0 0.0 0.6136363636363636 0.24742268041237117 0.37373737373737376
0.06741573033707865 0.5357142857142857 0.0 0.0 0.5568181818181818 0.9175257731958764 0.37373737373737376
0.4943820224719101 0.42857142857142855 0.0 0.0 0.48863636363636365 0.45360824742268036 0.5454545454545455
0.7078651685393258 0.369047619047619 0.0 0.0 0.5795454545454546 0.8144329896907216 0.8484848484848485
0.25842696629213485 0.38095238095238093 0.0 0.0 0.6704545454545454 0.8762886597938144 0.898989898989899
0.3820224719101124 0.39285714285714285 0.0 0.0 0.6590909090909091 0.845360824742268 0.8080808080808082
0.4831460674157303 0.28571428571428575 0.0 0.0 0.6590909090909091 0.7422680412371134 0.787878787878788
0.5168539325842697 0.5357142857142857 0.0 0.0 0.5454545454545454 0.8556701030927835 0.8787878787878788
0.30337078651685395 0.22619047619047616 0.0 0.0 0.5795454545454546 0.7628865979381444 0.797979797979798
0.5842696629213483 0.27380952380952384 0.0 0.0 0.7386363636363636 0.7010309278350515 0.7373737373737373
0.32584269662921345 0.369047619047619 0.0 0.0 0.8068181818181818 0.6391752577319588 0.6969696969696969
0.6179775280898877 0.369047619047619 0.0 0.0 0.6477272727272727 0.7731958762886598 0.8080808080808082
0.1348314606741573 0.6071428571428572 0.0 0.0 0.8409090909090909 0.5670103092783505 0.6363636363636364
0.44943820224719105 0.40476190476190477 0.0 0.0 0.7386363636363636 0.8144329896907216 0.8484848484848485
0.8202247191011236 0.23809523809523808 0.0 0.0 0.6022727272727273 0.9072164948453608 0.9292929292929294
0.9438202247191011 0.33333333333333337 0.0 0.0 0.5454545454545454 0.7010309278350515 0.7474747474747475
0.5393258426966292 0.3452380952380953 0.0 0.0 0.6818181818181818 0.7731958762886598 0.8080808080808082
0.6067415730337079 0.39285714285714285 0.0 0.0 0.4545454545454546 0.865979381443299 0.888888888888889
0.5393258426966292 0.2976190476190476 0.0 0.0 0.5795454545454546 0.8969072164948454 0.888888888888889
0.5617977528089888 0.5952380952380952 0.0 0.0 0.3522727272727273 0.9175257731958764 0.9292929292929294
0.8089887640449438 0.3571428571428572 0.0 0.0 0.5795454545454546 0.6494845360824743 0.7070707070707071
0.5280898876404494 0.4642857142857143 0.0 0.0 0.6590909090909091 0.7010309278350515 0.7575757575757576
0.3707865168539326 0.4761904761904762 0.0 0.0 0.375 0.7731958762886598 0.8080808080808082
0.7191011235955056 0.49999999999999994 0.0 0.0 0.5454545454545454 0.7731958762886598 0.7373737373737373
0.6067415730337079 0.488095238095238 0.0 0.0 0.6363636363636365 0.8041237113402062 0.8383838383838383
0.5280898876404494 0.5119047619047619 0.0 0.0 0.5909090909090909 0.7525773195876289 0.797979797979798
0.7078651685393258 0.40476190476190477 0.0 0.0 0.6704545454545454 0.845360824742268 0.8686868686868687
0.550561797752809 0.30952380952380953 0.0 0.0 0.6022727272727273 0.7835051546391752 0.8181818181818182
0.34831460674157305 0.40476190476190477 0.0 0.0 0.6477272727272727 0.8350515463917525 0.8585858585858586
0.8314606741573034 0.33333333333333337 0.0 0.0 0.625 0.8762886597938144 0.898989898989899
0.3707865168539326 0.3452380952380953 0.0 0.0 0.5113636363636364 0.8762886597938144 0.898989898989899
0.5056179775280899 0.28571428571428575 0.0 0.0 0.6931818181818181 0.7319587628865979 0.7777777777777778
0.797752808988764 0.28571428571428575 0.0 0.0 0.8068181818181818 0.6907216494845361 0.7474747474747475
0.5617977528089888 0.25 0.0 0.0 0.75 0.6288659793814433 0.6969696969696969
0.7415730337078652 0.44047619047619047 0.0 0.0 0.6704545454545454 0.6494845360824743 0.6666666666666667
0.6741573033707865 0.5357142857142857 0.0 0.0 0.6136363636363636 0.6597938144329897 0.7171717171717171
0.9325842696629213 0.25 0.0 0.0 0.6931818181818181 0.7010309278350515 0.7474747474747475
0.3820224719101124 0.41666666666666663 0.0 0.0 0.7613636363636364 0.8969072164948454 0.9090909090909092
0.7078651685393258 0.4523809523809524 0.0 0.0 0.7386363636363636 0.7835051546391752 0.8181818181818182
0.7865168539325842 0.28571428571428575 0.0 0.0 0.6363636363636365 0.8556701030927835 0.8383838383838383
0.6741573033707865 0.40476190476190477 1.0 0.0 0.6136363636363636 0.7628865979381444 0.8080808080808082
0.1797752808988764 0.41666666666666663 0.0 0.0 0.375 0.3711340206185567 0.48484848484848486
0.8314606741573034 0.6428571428571428 0.0 0.0 0.75 0.6391752577319588 0.6969696969696969
0.22471910112359553 0.3571428571428572 0.0 0.0 0.6477272727272727 0.7731958762886598 0.8181818181818182
1.0 0.4642857142857143 0.0 0.0 0.5795454545454546 0.7113402061855669 0.7676767676767677
0.7865168539325842 0.3571428571428572 0.0 0.0 0.6363636363636365 0.7731958762886598 0.7373737373737373
0.1348314606741573 0.32142857142857145 0.0 0.0 0.7159090909090909 0.6907216494845361 0.7474747474747475
0.6853932584269663 0.42857142857142855 0.0 0.0 0.6136363636363636 0.6597938144329897 0.5252525252525253
0.3707865168539326 0.25 0.0 0.0 0.5227272727272727 0.6391752577319588 0.6969696969696969
0.7078651685393258 0.5833333333333334 0.0 0.0 0.75 0.6597938144329897 0.7171717171717171
0.46067415730337075 0.41666666666666663 0.0 0.0 0.6022727272727273 0.7422680412371134 0.787878787878788
0.3820224719101124 0.6071428571428572 0.0 0.0 0.5909090909090909 0.7525773195876289 0.797979797979798
0.6516853932584269 0.21428571428571433 0.0 0.0 0.6363636363636365 0.865979381443299 0.8181818181818182
0.6629213483146067 0.4761904761904762 0.0 0.0 0.625 0.7938144329896908 0.8282828282828283
0.5730337078651685 0.28571428571428575 0.0 0.0 0.6477272727272727 0.6082474226804123 0.6767676767676768
0.5617977528089888 0.488095238095238 0.0 0.0 0.8068181818181818 0.5979381443298969 0.6666666666666667
0.6741573033707865 0.3571428571428572 0.0 0.0 0.5113636363636364 0.8041237113402062 0.8383838383838383
0.4157303370786517 0.369047619047619 0.0 0.0 0.4431818181818182 0.7525773195876289 0.797979797979798
0.6516853932584269 0.4642857142857143 0.0 0.0 0.6477272727272727 0.6907216494845361 0.7474747474747475
0.4044943820224719 0.369047619047619 0.0 0.0 0.5795454545454546 0.6804123711340205 0.7272727272727273
0.43820224719101125 0.2976190476190476 0.0 0.0 0.5909090909090909 0.7113402061855669 0.7575757575757576
0.3932584269662921 0.41666666666666663 0.0 0.0 0.6931818181818181 0.7010309278350515 0.7474747474747475
0.34831460674157305 0.33333333333333337 0.0 0.0 0.5681818181818182 0.7835051546391752 0.8282828282828283
0.6853932584269663 0.5952380952380952 0.0 0.0 0.5227272727272727 0.865979381443299 0.888888888888889
0.5393258426966292 0.39285714285714285 0.0 0.0 0.5909090909090909 0.7628865979381444 0.7171717171717171
0.12359550561797752 0.40476190476190477 0.0 0.0 0.6590909090909091 0.7113402061855669 0.686868686868687
0.34831460674157305 0.23809523809523808 0.0 0.0 0.6590909090909091 0.9381443298969072 0.9494949494949495
0.7640449438202248 0.41666666666666663 0.0 0.0 0.8068181818181818 0.7422680412371134 0.787878787878788
0.7752808988764044 0.27380952380952384 0.0 0.0 0.6477272727272727 0.7525773195876289 0.797979797979798
0.5842696629213483 0.4523809523809524 0.0 0.0 0.7045454545454546 0.7525773195876289 0.797979797979798
0.5168539325842697 0.5119047619047619 0.0 0.0 0.40909090909090906 0.7525773195876289 0.23232323232323235
0.4044943820224719 0.3452380952380953 0.0 0.0 0.4318181818181818 0.7835051546391752 0.17171717171717174
0.0 0.41666666666666663 0.0 0.0 0.3977272727272727 0.6597938144329897 0.4444444444444445
0.11235955056179776 0.39285714285714285 0.0 0.0 0.4659090909090909 0.6597938144329897 0.21212121212121213
0.33707865168539325 0.41666666666666663 0.0 0.0 0.47727272727272724 0.5979381443298969 0.3434343434343435
0.6853932584269663 0.369047619047619 0.0 0.0 0.0 0.7938144329896908 0.32323232323232326
0.7078651685393258 0.7023809523809523 0.0 0.0 0.7272727272727273 0.7216494845360825 0.6666666666666667
0.797752808988764 0.42857142857142855 0.0 0.0 0.7272727272727273 1.0 1.0
0.9550561797752809 0.44047619047619047 0.0 0.0 0.6022727272727273 0.5051546391752577 0.35353535353535354
0.7078651685393258 0.39285714285714285 0.0 0.0 0.6136363636363636 0.7525773195876289 0.797979797979798
0.8426966292134831 0.4642857142857143 1.0 1.0 0.4545454545454546 0.45360824742268036 0.30303030303030304
0.7865168539325842 0.27380952380952384 1.0 0.0 0.5795454545454546 0.8144329896907216 0.8484848484848485
0.8089887640449438 0.30952380952380953 0.0 0.0 0.7386363636363636 0.7628865979381444 0.797979797979798
0.8876404494382023 0.2976190476190476 0.0 0.0 0.75 0.8041237113402062 0.8383838383838383
0.9325842696629213 0.38095238095238093 0.0 0.0 0.7386363636363636 0.7525773195876289 0.797979797979798
0.7752808988764044 0.32142857142857145 0.0 0.0 0.6704545454545454 0.7319587628865979 0.7777777777777778
0.8876404494382023 0.23809523809523808 0.0 0.0 0.5227272727272727 0.8144329896907216 0.7070707070707071
0.8764044943820225 0.2023809523809524 0.0 0.0 0.6477272727272727 0.7628865979381444 0.797979797979798
0.8426966292134831 0.25 0.0 0.0 0.7272727272727273 0.6907216494845361 0.7474747474747475
0.6629213483146067 0.15476190476190474 0.0 0.0 0.7272727272727273 0.7422680412371134 0.7777777777777778
0.752808988764045 0.25 0.0 0.0 0.6136363636363636 0.6288659793814433 0.686868686868687
0.7415730337078652 0.38095238095238093 0.0 0.0 0.6136363636363636 0.6907216494845361 0.7474747474747475
0.7191011235955056 0.3571428571428572 0.0 0.0 0.5454545454545454 0.7216494845360825 0.7676767676767677
0.8539325842696629 0.6547619047619047 0.0 0.0 0.5681818181818182 0.7010309278350515 0.7575757575757576
0.9438202247191011 0.39285714285714285 0.0 0.0 0.625 0.7731958762886598 0.7474747474747475
0.8651685393258427 0.4642857142857143 0.0 0.0 0.5795454545454546 0.7731958762886598 0.7474747474747475
0.9101123595505618 0.33333333333333337 0.0 0.0 0.47727272727272724 0.6597938144329897 0.686868686868687
0.6516853932584269 0.5238095238095237 0.0 0.0 0.6704545454545454 0.7216494845360825 0.7676767676767677
0.7078651685393258 0.30952380952380953 0.0 0.0 0.5454545454545454 0.7628865979381444 0.8080808080808082
0.6966292134831461 0.30952380952380953 0.0 0.0 0.6590909090909091 0.7835051546391752 0.8181818181818182
0.9662921348314606 0.27380952380952384 0.0 0.0 0.6704545454545454 0.8865979381443299 0.9090909090909092
0.9101123595505618 0.44047619047619047 0.0 0.0 0.6477272727272727 0.865979381443299 0.888888888888889
0.9775280898876404 0.39285714285714285 0.0 0.0 0.6931818181818181 0.7525773195876289 0.797979797979798
0.5280898876404494 0.3571428571428572 0.0 0.0 0.7045454545454546 0.7319587628865979 0.7777777777777778
0.8539325842696629 0.2976190476190476 0.0 0.0 0.5681818181818182 0.5773195876288659 0.6262626262626263
0.7865168539325842 0.44047619047619047 0.0 0.0 0.7954545454545454 0.8556701030927835 0.8787878787878788
0.7191011235955056 0.3452380952380953 0.0 0.0 0.7613636363636364 0.5979381443298969 0.6666666666666667
0.9101123595505618 0.42857142857142855 0.0 0.0 0.6477272727272727 0.7731958762886598 0.8080808080808082
0.8202247191011236 0.11904761904761905 0.0 0.0 0.6477272727272727 0.7422680412371134 0.787878787878788
0.550561797752809 0.5357142857142857 1.0 0.0 0.6363636363636365 0.7010309278350515 0.7474747474747475
0.9887640449438202 0.30952380952380953 0.0 0.0 0.5909090909090909 0.7216494845360825 0.7575757575757576
0.9438202247191011 0.4523809523809524 0.0 0.0 0.8522727272727273 0.9175257731958764 0.7070707070707071
0.7078651685393258 0.41666666666666663 0.0 0.0 0.7272727272727273 0.7113402061855669 0.7676767676767677
0.9662921348314606 0.4642857142857143 0.0 0.0 0.7159090909090909 0.8041237113402062 0.8383838383838383
0.8876404494382023 0.4523809523809524 0.0 0.0 0.5681818181818182 0.6494845360824743 0.686868686868687
0.6404494382022471 0.2619047619047619 0.0 0.0 0.06818181818181818 0.4742268041237113 0.33333333333333337
0.8764044943820225 0.33333333333333337 0.0 0.0 0.5113636363636364 0.7216494845360825 0.686868686868687
0.8764044943820225 0.6190476190476191 0.0 0.0 0.9431818181818181 0.3814432989690722 0.29292929292929293
0.7078651685393258 0.6309523809523808 0.0 0.0 0.7386363636363636 0.3917525773195876 0.2828282828282829
0.752808988764045 0.8571428571428571 0.0 0.0 0.8295454545454545 0.4845360824742268 0.25252525252525254
0.6853932584269663 0.7023809523809523 0.0 0.0 0.5795454545454546 0.309278350515464 0.33333333333333337
0.752808988764045 0.8095238095238095 0.0 0.0 0.8409090909090909 0.5257731958762887 0.37373737373737376
0.8314606741573034 0.8809523809523809 0.0 0.0 0.6477272727272727 0.5154639175257733 0.29292929292929293
0.8202247191011236 0.8095238095238095 0.0 0.0 0.9772727272727273 0.5670103092783505 0.29292929292929293
0.8426966292134831 0.7142857142857143 0.0 0.0 0.9431818181818181 0.556701030927835 0.30303030303030304
0.8651685393258427 0.488095238095238 0.0 0.0 1.0 0.5154639175257733 0.20202020202020204
0.8314606741573034 0.7380952380952381 0.0 0.0 0.8522727272727273 0.5257731958762887 0.15151515151515152
0.7640449438202248 0.7142857142857143 0.0 0.0 0.9545454545454545 0.43298969072164956 0.27272727272727276
0.6292134831460675 0.6190476190476191 0.0 0.0 0.875 0.34020618556701027 0.4545454545454546
0.7303370786516854 0.41666666666666663 0.0 0.0 0.75 0.5257731958762887 0.33333333333333337
0.5842696629213483 0.7738095238095238 0.0 0.0 0.8181818181818181 0.36082474226804123 0.38383838383838387
0.7191011235955056 0.488095238095238 0.0 0.0 0.7954545454545454 0.309278350515464 0.26262626262626265
0.6741573033707865 0.7142857142857143 1.0 0.0 0.875 0.5773195876288659 0.5252525252525253
0.7752808988764044 0.5119047619047619 0.0 0.0 0.875 0.3711340206185567 0.21212121212121213
0.7078651685393258 0.39285714285714285 0.0 0.0 0.8977272727272728 0.43298969072164956 0.2828282828282829
0.797752808988764 0.6547619047619047 0.0 0.0 0.7727272727272728 0.4123711340206186 0.36363636363636365
0.7640449438202248 0.5595238095238095 0.0 0.0 0.8295454545454545 0.3814432989690722 0.30303030303030304
0.8651685393258427 0.488095238095238 1.0 0.0 0.42045454545454547 0.5257731958762887 0.010101010101010102
0.7415730337078652 0.39285714285714285 1.0 0.0 0.6136363636363636 0.5463917525773196 0.36363636363636365
0.797752808988764 0.3571428571428572 1.0 0.0 0.5909090909090909 0.5773195876288659 0.30303030303030304
0.752808988764045 0.4642857142857143 1.0 0.0 0.75 0.5670103092783505 0.16161616161616163
0.7640449438202248 0.39285714285714285 1.0 0.0 0.7045454545454546 0.5360824742268041 0.2828282828282829
0.8314606741573034 0.39285714285714285 0.0 0.0 0.47727272727272724 0.5257731958762887 0.36363636363636365
0.7865168539325842 0.5357142857142857 0.0 0.0 0.6363636363636365 0.5051546391752577 0.43434343434343436
0.7415730337078652 0.8333333333333333 0.0 0.0 0.3863636363636364 0.3917525773195876 0.36363636363636365
0.8202247191011236 0.7380952380952381 0.0 0.0 0.6590909090909091 0.4948453608247423 0.31313131313131315
0.7303370786516854 0.488095238095238 0.0 0.0 0.5340909090909091 0.45360824742268036 0.5151515151515151
0.8089887640449438 0.8333333333333333 0.0 0.0 0.1931818181818182 0.5360824742268041 0.21212121212121213
0.752808988764045 0.6428571428571428 0.0 0.0 0.5227272727272727 0.43298969072164956 0.33333333333333337
0.752808988764045 0.7738095238095238 0.0 0.0 0.6136363636363636 0.4742268041237113 0.23232323232323235
0.752808988764045 0.5357142857142857 0.0 0.0 0.5795454545454546 0.35051546391752575 0.38383838383838387
0.7078651685393258 1.0 0.0 0.0 0.3977272727272727 0.4948453608247423 0.494949494949495
0.6404494382022471 0.5119047619047619 0.0 0.0 0.4431818181818182 0.45360824742268036 0.33333333333333337
0.797752808988764 0.6547619047619047 0.0 0.0 0.4545454545454546 0.5257731958762887 0.393939393939394
0.7415730337078652 0.6904761904761905 0.0 0.0 0.3522727272727273 0.36082474226804123 0.43434343434343436
0.752808988764045 0.7738095238095238 0.0 0.0 0.2840909090909091 0.4020618556701031 0.25252525252525254
0.7191011235955056 0.6666666666666666 0.0 0.0 0.5568181818181818 0.4020618556701031 0.19191919191919193
0.7640449438202248 0.7857142857142857 0.0 0.0 0.4318181818181818 0.6391752577319588 0.5656565656565657
0.3595505617977528 0.27380952380952384 0.0 0.0 0.6022727272727273 0.2577319587628866 0.38383838383838387
0.7865168539325842 0.5714285714285714 0.0 0.0 0.5340909090909091 0.4948453608247423 0.47474747474747475
0.7078651685393258 0.488095238095238 0.0 0.0 0.5568181818181818 0.6907216494845361 0.20202020202020204
0.8314606741573034 0.7857142857142857 0.0 0.0 0.5568181818181818 0.4742268041237113 0.41414141414141414
0.7078651685393258 0.8333333333333333 0.0 0.0 0.4431818181818182 0.45360824742268036 0.3434343434343435
0.7078651685393258 0.7976190476190476 0.0 0.0 0.4545454545454546 0.3711340206185567 0.19191919191919193
0.7078651685393258 0.6547619047619047 0.0 0.0 0.6818181818181818 0.3814432989690722 0.393939393939394
0.797752808988764 0.8333333333333333 0.0 0.0 0.4545454545454546 0.5257731958762887 0.32323232323232326
0.7640449438202248 0.7380952380952381 0.0 0.0 0.48863636363636365 0.4226804123711341 0.42424242424242425
0.7191011235955056 0.8095238095238095 0.0 0.0 0.42045454545454547 0.43298969072164956 0.4040404040404041
0.8314606741573034 0.369047619047619 0.0 0.0 0.5681818181818182 0.556701030927835 0.42424242424242425
0.8426966292134831 0.8095238095238095 0.0 0.0 0.3977272727272727 0.5051546391752577 0.33333333333333337
0.7078651685393258 0.5833333333333334 0.0 0.0 0.4431818181818182 0.4226804123711341 0.35353535353535354
0.7752808988764044 0.6071428571428572 0.0 0.0 0.3409090909090909 0.3711340206185567 0.24242424242424243
0.7865168539325842 0.6547619047619047 0.0 0.0 0.47727272727272724 0.8350515463917525 0.8585858585858586
0.7752808988764044 0.761904761904762 0.0 0.0 0.5227272727272727 0.556701030927835 0.26262626262626265
0.7191011235955056 0.5952380952380952 0.0 0.0 0.4659090909090909 0.3711340206185567 0.20202020202020204
0.7078651685393258 0.761904761904762 0.0 0.0 0.5227272727272727 0.288659793814433 0.29292929292929293
0.7415730337078652 0.6547619047619047 0.0 0.0 0.4659090909090909 0.4845360824742268 0.35353535353535354
0.7752808988764044 0.5119047619047619 0.0 0.0 0.5227272727272727 0.4226804123711341 0.5252525252525253
0.7640449438202248 0.6071428571428572 0.0 0.0 0.5568181818181818 0.3814432989690722 0.3434343434343435
0.7191011235955056 0.7380952380952381 0.0 0.0 0.5681818181818182 0.34020618556701027 0.38383838383838387
0.6966292134831461 0.7380952380952381 0.0 0.0 0.5340909090909091 0.4742268041237113 0.5454545454545455
0.8539325842696629 0.6785714285714285 0.0 0.0 0.5 0.3711340206185567 0.393939393939394
0.7191011235955056 0.7738095238095238 0.0 0.0 0.42045454545454547 0.3711340206185567 0.4444444444444445
0.32584269662921345 0.27380952380952384 0.0 0.0 0.5909090909090909 0.3814432989690722 0.48484848484848486
0.6966292134831461 0.7976190476190476 0.0 0.0 0.5227272727272727 0.34020618556701027 0.4040404040404041
0.6292134831460675 0.4523809523809524 0.0 0.0 0.48863636363636365 0.35051546391752575 0.30303030303030304
0.7752808988764044 0.5952380952380952 0.0 0.0 0.4659090909090909 0.4845360824742268 0.25252525252525254
0.7752808988764044 0.5833333333333334 0.0 0.0 0.7159090909090909 0.46391752577319584 0.41414141414141414
0.4831460674157303 0.5119047619047619 0.0 0.0 0.5909090909090909 0.4742268041237113 0.5656565656565657
0.8314606741573034 0.4761904761904762 0.0 0.0 0.5340909090909091 0.6701030927835052 0.30303030303030304
0.797752808988764 0.488095238095238 0.0 0.0 0.5454545454545454 0.3298969072164948 0.32323232323232326
0.6853932584269663 0.5238095238095237 0.0 0.0 0.5 0.3711340206185567 0.38383838383838387
0.6629213483146067 0.5357142857142857 0.0 0.0 0.47727272727272724 0.4020618556701031 0.37373737373737376
0.8314606741573034 0.6904761904761905 0.0 0.0 0.3522727272727273 0.5154639175257733 0.5252525252525253
